
Андрей Паровоз
qwerty
rxfsuz
654321
0
10
0
0
0
0
2
0
0
1
0
0
0
0
0
2
11111
6
11111
1
11111
1
11111
10
8
9
5
5
3
11111
Густаво
Gustavo
rxfsuz
123456
0
0
0
0
7
0
0
5
0
0
0
0
10
0
0
11111
11111
11111
11111
11111
Эдуардо
Eduardo
rxfsuz
123456
0
0
0
0
10
10
0
5
7
0
0
0
0
0
0
11111
11111
11111
11111
2
11111
Абобавич1
asdfghjjk
bteghikkl
272303
0
0
0
0
0
0
0
0
0
0
0
0
0
0
0
11111
11111
11111
11111
11111
Абобавич2
zxcvbn
bteghikkl
272303
0
0
0
0
0
0
0
0
0
1
0
0
2
0
0
11111
11111
11111
11111
11111
Абобавич3
poiuyt
bteghikkl
272303
0
0
0
0
0
0
0
0
0
9
0
6
0
0
0
11111
11111
11111
11111
11111
Ввпаиапв
qwerfggfd
btegheghghsg
854545
0
0
0
0
0
0
0
0
0
0
0
0
0
0
0
11111
11111
11111
11111
11111

